L=3, a=0: [+1, +1, -1]
L=5, a=0: [+1, +1, +1, -1, +1]
L=7, a=0: [+1, +1, +1, -1, -1, +1, -1]
L=9, a=2: [+1, +1, +1, +1, -1, -1, +1, -1, +1]
L=11, a=0: [+1, +1, +1, -1, -1, -1, +1, -1, -1, +1, -1]
L=13, a=0: [+1, +1, +1, +1, +1, -1, -1, +1, +1, -1, +1, -1, +1]
L=15, a=2: [+1, +1, +1, +1, +1, -1, -1, +1, +1, -1, -1, +1, -1, +1, -1]
L=17, a=6: [+1, +1, -1, -1, -1, -1, -1, +1, +1, -1, -1, +1, -1, +1, -1, -1, +1]
L=19, a=6: [+1, +1, +1, +1, +1, -1, -1, -1, +1, +1, -1, -1, +1, -1, -1, +1, -1, +1, -1]
L=21, a=4: [+1, +1, -1, -1, -1, -1, -1, -1, -1, +1, +1, -1, -1, +1, -1, +1, -1, +1, -1, -1, +1]
L=23, a=8: [+1, +1, +1, +1, +1, +1, +1, -1, -1, -1, +1, +1, -1, -1, +1, -1, -1, +1, -1, +1, -1, +1, -1]
L=25, a=10: [+1, +1, +1, +1, +1, +1, -1, -1, -1, +1, +1, +1, -1, -1, +1, -1, -1, +1, -1, -1, +1, -1, +1, -1, +1]
L=27, a=6: [+1, +1, +1, -1, -1, -1, -1, +1, +1, +1, -1, +1, +1, +1, -1, +1, +1, +1, -1, +1, +1, -1, +1, -1, -1, +1, -1]
L=29, a=12: [+1, +1, +1, -1, -1, +1, +1, +1, -1, -1, -1, -1, -1, -1, -1, +1, -1, +1, -1, +1, -1, -1, +1, -1, -1, +1, +1, -1, +1]
L=31, a=12: [+1, +1, +1, +1, +1, +1, +1, -1, -1, -1, -1, +1, +1, -1, -1, -1, +1, -1, -1, +1, +1, -1, +1, -1, -1, +1, -1, +1, -1, +1, -1]
L=33, a=16: [+1, +1, +1, +1, +1, +1, +1, +1, +1, -1, -1, -1, -1, +1, +1, +1, -1, -1, +1, -1, -1, +1, -1, +1, +1, -1, +1, -1, +1, -1, +1, -1, +1]
^[^[^[L=35, a=14: [+1, +1, +1, +1, +1, -1, -1, -1, -1, -1, +1, +1, -1, -1, +1, -1, -1, +1, +1, -1, -1, -1, +1, +1, -1, -1, +1, -1, +1, -1, -1, +1, -1, +1, -1]
L=37, a=16: [+1, +1, -1, -1, -1, -1, -1, -1, -1, -1, -1, +1, +1, +1, +1, -1, -1, +1, +1, -1, -1, +1, +1, -1, +1, -1, -1, +1, -1, +1, -1, +1, -1, +1, -1, -1, +1]
L=39, a=18: [+1, +1, +1, +1, +1, +1, +1, +1, -1, -1, +1, -1, -1, +1, -1, +1, +1, -1, +1, +1, -1, -1, -1, +1, +1, +1, +1, -1, -1, -1, +1, +1, -1, +1, -1, +1, -1, +1, -1]
L=41, a=18: [+1, +1, +1, +1, +1, +1, -1, +1, +1, -1, +1, +1, -1, -1, +1, -1, -1, +1, +1, +1, +1, -1, +1, -1, -1, +1, +1, +1, -1, -1, +1, +1, +1, -1, -1, -1, +1, -1, +1, -1, +1]
L=43, a=18: [+1, +1, +1, +1, +1, +1, +1, -1, -1, -1, -1, -1, +1, +1, +1, -1, -1, -1, +1, +1, -1, -1, +1, +1, -1, -1, +1, -1, -1, +1, -1, -1, +1, -1, +1, -1, -1, +1, -1, +1, -1, +1, -1]
