L=1, a=0: [+1]
L=3, a=1: [+1, +1, -1]
L=5, a=1: [+1, +1, +1, -1, +1]
L=7, a=1: [+1, +1, +1, -1, -1, +1, -1]
L=9, a=3: [+1, +1, +1, +1, -1, -1, +1, -1, +1]
L=11, a=1: [+1, +1, +1, -1, -1, -1, +1, -1, -1, +1, -1]
L=13, a=1: [+1, +1, +1, +1, +1, -1, -1, +1, +1, -1, +1, -1, +1]
L=15, a=3: [+1, +1, +1, +1, +1, +1, -1, -1, +1, +1, -1, +1, -1, +1, -1]
L=17, a=3: [+1, +1, +1, +1, -1, -1, -1, +1, +1, -1, -1, +1, -1, -1, +1, -1, +1]
L=19, a=3: [+1, +1, +1, -1, -1, -1, -1, -1, +1, -1, -1, -1, +1, -1, +1, -1, -1, +1, -1]
L=21, a=3: [+1, +1, +1, +1, +1, +1, -1, -1, -1, +1, +1, -1, -1, +1, -1, -1, +1, -1, +1, -1, +1]
L=23, a=3: [+1, +1, +1, +1, +1, +1, -1, +1, +1, -1, +1, +1, -1, -1, -1, +1, +1, +1, -1, +1, -1, +1, -1]
L=25, a=3: [+1, +1, +1, +1, +1, +1, -1, -1, -1, +1, +1, +1, -1, -1, +1, -1, -1, +1, -1, -1, +1, -1, +1, -1, +1]
L=27, a=3: [+1, +1, +1, +1, +1, +1, -1, -1, -1, +1, +1, +1, -1, -1, +1, +1, -1, +1, +1, -1, +1, +1, -1, +1, -1, +1, -1]
L=29, a=3: [+1, +1, +1, +1, -1, +1, +1, -1, -1, -1, -1, +1, -1, -1, +1, +1, -1, -1, -1, +1, -1, +1, +1, -1, -1, -1, +1, -1, +1]
L=31, a=5: [+1, +1, +1, +1, +1, +1, +1, -1, +1, -1, -1, +1, +1, -1, +1, +1, -1, -1, -1, +1, +1, -1, -1, -1, -1, +1, -1, +1, -1, +1, -1]
L=33, a=5: [+1, +1, +1, +1, +1, +1, +1, +1, -1, -1, +1, -1, -1, +1, +1, +1, +1, -1, +1, -1, -1, +1, +1, +1, -1, -1, +1, -1, +1, -1, +1, -1, +1]
L=35, a=5: [+1, +1, +1, +1, +1, +1, +1, +1, -1, -1, +1, -1, +1, +1, -1, -1, -1, +1, +1, -1, +1, +1, -1, -1, -1, -1, +1, +1, -1, +1, -1, +1, -1, +1, -1]
L=37, a=5: [+1, +1, +1, +1, +1, +1, +1, +1, +1, -1, -1, -1, +1, +1, +1, -1, -1, +1, -1, -1, -1, +1, +1, -1, +1, +1, -1, +1, +1, -1, +1, -1, +1, -1, +1, -1, +1]
L=39, a=5: [+1, +1, +1, +1, +1, +1, +1, +1, -1, -1, +1, -1, -1, +1, -1, +1, +1, -1, +1, +1, -1, -1, -1, +1, +1, +1, +1, -1, -1, -1, +1, +1, -1, +1, -1, +1, -1, +1, -1]
