solution_py,24,10,1,[-1, -1, -1, -1, +1, -1, +1, -1, +1, -1, -1, +1, -1, +1, +1, +1, -1, -1, +1, +1, +1, -1, +1, +1]
solution_py,40,10,2,[-1, +1, -1, -1, +1, -1, +1, -1, +1, -1, -1, +1, +1, +1, -1, -1, +1, -1, -1, -1, +1, +1, +1, +1, -1, -1, +1, +1, -1, +1, +1, +1, +1, -1, +1, +1, +1, +1, +1, +1]
solution_py,48,10,3,[-1, +1, +1, +1, -1, +1, -1, +1, -1, +1, -1, -1, +1, -1, +1, +1, +1, +1, -1, -1, +1, -1, +1, -1, +1, +1, +1, +1, -1, -1, +1, +1, +1, -1, -1, +1, -1, -1, -1, -1, +1, +1, -1, -1, -1, +1, +1, +1]
solution_py,4,2,1,[-1, +1, +1, +1]
solution_py,8,3,1,[-1, -1, -1, -1, -1, +1, +1, +1]
solution_py,12,3,2,[-1, -1, -1, +1, -1, +1, -1, -1, +1, +1, -1, +1]
solution_py,8,4,1,[-1, -1, +1, -1, +1, +1, -1, +1]
solution_py,16,4,2,[-1, +1, +1, -1, +1, -1, +1, -1, -1, +1, +1, -1, +1, +1, +1, +1]
solution_py,24,4,3,[-1, -1, -1, -1, +1, -1, +1, -1, +1, -1, -1, +1, +1, +1, +1, -1, +1, +1, +1, -1, -1, +1, +1, +1]
solution_py,12,5,1,[-1, -1, -1, +1, -1, +1, -1, -1, +1, +1, +1, +1]
solution_py,24,5,2,[-1, -1, -1, -1, +1, -1, +1, -1, +1, -1, -1, +1, +1, +1, +1, -1, +1, +1, +1, -1, -1, +1, +1, +1]
solution_py,24,5,3,[-1, -1, -1, -1, +1, -1, +1, -1, +1, -1, -1, +1, +1, +1, +1, -1, +1, +1, +1, -1, -1, +1, +1, +1]
solution_py,24,5,4,[-1, -1, -1, -1, +1, -1, +1, -1, +1, -1, -1, -1, +1, +1, -1, +1, -1, -1, +1, -1, -1, -1, +1, +1]
solution_py,12,6,1,[-1, -1, +1, +1, -1, +1, -1, +1, -1, -1, -1, +1]
solution_py,24,6,2,[-1, -1, -1, -1, +1, -1, +1, -1, +1, -1, -1, +1, +1, +1, +1, -1, +1, +1, +1, -1, -1, +1, +1, +1]
solution_py,32,6,3,[-1, +1, +1, +1, -1, +1, -1, +1, -1, +1, -1, -1, +1, +1, +1, +1, -1, +1, -1, -1, -1, +1, +1, -1, +1, +1, -1, -1, +1, -1, +1, +1]
solution_py,32,6,4,[-1, -1, -1, +1, +1, +1, +1, +1, +1, +1, +1, -1, +1, +1, -1, -1, -1, -1, +1, -1, +1, +1, -1, -1, -1, -1, +1, -1, -1, -1, +1, +1]
solution_py,32,6,5,[-1, -1, -1, +1, +1, +1, +1, +1, +1, +1, +1, -1, +1, +1, -1, -1, -1, -1, +1, -1, +1, +1, -1, -1, -1, -1, +1, -1, -1, -1, +1, +1]
solution_py,16,7,1,[-1, -1, -1, -1, +1, -1, +1, -1, -1, +1, -1, +1, +1, -1, +1, +1]
solution_py,24,7,2,[-1, -1, -1, -1, +1, -1, +1, -1, +1, -1, -1, +1, -1, +1, +1, +1, -1, -1, +1, +1, +1, -1, +1, +1]
solution_py,32,7,3,[-1, -1, +1, +1, +1, +1, +1, +1, +1, +1, -1, +1, -1, -1, -1, +1, -1, -1, +1, +1, +1, +1, -1, -1, +1, +1, +1, -1, -1, -1, -1, +1]
solution_py,40,7,4,[-1, -1, -1, +1, -1, +1, -1, +1, -1, +1, -1, -1, +1, +1, +1, +1, -1, +1, +1, -1, +1, -1, -1, -1, -1, +1, -1, -1, -1, +1, +1, -1, +1, +1, -1, -1, -1, -1, +1, +1]
solution_py,40,7,5,[-1, -1, -1, +1, -1, +1, -1, +1, -1, +1, -1, -1, +1, +1, +1, +1, -1, +1, +1, -1, +1, -1, -1, -1, -1, +1, -1, -1, -1, +1, +1, -1, +1, +1, -1, -1, -1, -1, +1, +1]
solution_py,48,7,6,[-1, -1, -1, +1, -1, +1, -1, +1, -1, +1, -1, -1, +1, +1, +1, +1, -1, -1, -1, -1, +1, -1, -1, -1, -1, +1, -1, +1, -1, -1, +1, +1, -1, -1, -1, +1, +1, +1, -1, +1, -1, -1, +1, +1, +1, -1, +1, +1]
solution_py,24,8,1,[-1, +1, +1, +1, -1, +1, -1, +1, -1, +1, -1, -1, -1, +1, +1, -1, +1, +1, +1, +1, -1, -1, +1, +1]
solution_py,32,8,2,[-1, -1, -1, -1, +1, -1, +1, -1, +1, -1, -1, +1, -1, +1, +1, +1, -1, +1, -1, +1, +1, -1, -1, +1, +1, +1, -1, +1, +1, -1, +1, +1]
solution_py,32,8,3,[-1, -1, +1, +1, +1, +1, +1, +1, +1, +1, -1, +1, -1, -1, -1, +1, -1, -1, +1, +1, +1, +1, -1, -1, +1, +1, +1, -1, -1, -1, -1, +1]
solution_py,48,8,4,[-1, -1, -1, +1, -1, +1, -1, +1, -1, +1, -1, -1, +1, +1, -1, +1, +1, -1, -1, -1, +1, -1, +1, +1, -1, +1, +1, +1, -1, +1, +1, -1, -1, +1, -1, +1, +1, -1, -1, -1, -1, +1, -1, +1, +1, +1, +1, +1]
solution_py,48,8,5,[-1, +1, -1, +1, +1, +1, +1, +1, +1, +1, +1, -1, -1, +1, -1, -1, -1, -1, +1, -1, +1, +1, -1, -1, -1, +1, +1, -1, -1, -1, -1, +1, -1, -1, -1, +1, -1, -1, +1, +1, -1, +1, -1, -1, +1, -1, -1, +1]
solution_py,48,8,6,[-1, +1, -1, +1, +1, +1, +1, +1, +1, +1, +1, -1, -1, +1, -1, -1, -1, -1, +1, -1, +1, +1, -1, -1, -1, +1, +1, -1, -1, -1, -1, +1, -1, -1, -1, +1, -1, -1, +1, +1, -1, +1, -1, -1, +1, -1, -1, +1]
solution_py,24,9,1,[-1, +1, +1, +1, -1, +1, -1, +1, -1, +1, -1, -1, -1, +1, +1, -1, +1, +1, +1, +1, -1, -1, +1, +1]
solution_py,32,9,2,[-1, +1, -1, -1, +1, -1, +1, -1, +1, -1, -1, -1, +1, +1, +1, +1, +1, -1, +1, -1, -1, -1, +1, +1, -1, -1, +1, -1, -1, -1, +1, +1]
solution_py,48,9,3,[-1, -1, -1, -1, +1, -1, +1, -1, +1, -1, +1, -1, -1, +1, +1, +1, -1, +1, -1, -1, +1, -1, -1, -1, +1, +1, -1, -1, -1, +1, +1, +1, +1, -1, +1, -1, +1, +1, -1, -1, +1, -1, +1, +1, -1, -1, -1, +1]
solution_py,56,9,4,[-1, -1, -1, -1, -1, -1, -1, -1, +1, +1, -1, +1, -1, -1, -1, -1, +1, +1, +1, -1, -1, -1, -1, -1, +1, -1, -1, -1, -1, +1, -1, +1, -1, +1, +1, -1, +1, +1, +1, -1, +1, +1, -1, -1, -1, -1, +1, +1, -1, -1, -1, +1, +1, -1, -1, +1]
